0.09581164101893103,0.915492380247597 1.0132617834500786,1.1079434685956286 0.9855630994040971,0.10472932742658891 0.2700523287238886,0.2509932089062795,0.21050047199029015,0.9117794308767968
-0.0783649575515123,0.5262278205337552 0.14361439877941073,0.9912128714651814 0.9936626914302868,0.04923073702545661 0.7021217791453278,0.5130900392591131,0.1882096913852418,0.37561845082764633
0.17388724890110996,0.01660611225737732 0.15100093686204752,0.8513548176197645 0.8262438061454072,0.04407250589332344 0.8518370679891147,0.7019696713597665,0.2664506097734319,0.16508688764965188
-0.1275822596404974,0.7550600296939591 0.09159444662460582,1.0824938575126615 0.6350568957613589,0.4387927701785741 0.0379635268101213,0.37497013304813287,0.11969450130903747,0.7082685697476531
0.064224924496134,0.41128704255358384 0.5880438203742518,0.2210098460040287 0.7736065340988536,0.5981503878413786 0.9117089964041124,0.9857599036142259,0.8016250529053655,0.5889784312758981
0.24485254599129147,0.8142503563156296 0.6248587623838696,0.611385913628247 -0.004398640038170687,0.04029241880790012 1.0,0.8834287743200288,0.8485594153092478,0.22339525214564815
0.22299258310140121,0.12484492447368457 0.8668920976120628,0.5533599485062202 0.9783353697264409,0.03534863804244243 0.8901017831850357,0.9066490319044133,0.8110503422656239,0.7890853374970265
1.026873166957843,0.5571741594203429 0.24304583836898042,0.8681280089803318 -0.035479481879837085,0.593021201335493 0.10380195349680625,0.35218259204843944,0.24671089677848262,0.32522615246279934
0.6620122093524439,0.7771740084561456 0.48982865819344124,0.20165701572310335 0.7813531970356552,0.5189511618263882 0.6378526556363769,0.6214419683254394,0.5047213962157816,0.23633991401201374
0.29343268094637154,0.6105404394241802 0.7616538830644597,0.5253134866231899 0.8550023308936827,0.012611018244263979 0.6317917171455594,0.5000647981439296,0.3962546368270599,0.11034764826995916
0.44444907220745977,0.40106403008608704 -0.024658861031287484,0.3737329758206722 0.16363506919585777,0.5466585713586546 0.9744081196709096,0.9674933418523985,0.8876478169862863,0.6324995266775922
0.514054908392428,0.6536706933523851 0.6008829225085894,0.03261640512416911 0.2679230885483295,0.630052491552941 0.9262597383196332,0.8743249155603804,0.7101721773080089,0.34657400551832623
0.9555837886445939,0.8817304179348529 0.07110849614716178,0.7528647691857298 0.22389759836471576,1.1286801852965986 0.1378754230068244,0.27876338333871375,0.2232833169288444,0.8822645065734388
0.34095620661156645,0.7541231582278147 0.5330896085190054,0.36688705399873606 0.8537775549741821,0.31034075480610257 1.0,0.9265286700264652,0.6589929902605801,0.18637625675507472
0.3953842771910206,0.7228467552287557 0.36338662356235213,0.8799083470445552 0.5336277805893147,0.042899653205535286 0.9055709121703162,0.027275946334529334,0.7558989370234751,0.6183492386482737
0.9102906378246219,0.32078769546703073 0.7294370782325669,0.5929563761331328 0.9165115082721608,0.7532736586733582 0.07615391114962058,0.3740715299842855,0.21528261939853022,0.24077073490296583
0.9856630770004211,0.874482718785297 1.0367565804117391,0.19922271996889326 0.6738032706938611,0.8823987484649255 0.0031752728898290722,0.30213705815898567,0.19820322698369447,0.38738886297033476
0.4398074293747277,0.6751563796321641 0.8261824159318496,0.23835396808185197 0.5115108484936001,0.37686096583592044 0.7831253048907708,0.7645375664279508,0.6437792180803511,0.31350458244261953
0.09255601644143364,0.6727048444947886 0.9853424046874147,0.16942684454014123 0.872325962352227,0.6274562157270653 0.7050635038531609,0.7761467638178244,0.529531547943692,0.12004633504152168
0.10585804039585936,0.5827760692794196 0.8071748231836733,0.10555395089858229 0.5025844259002742,0.712876987247982 0.7382525112059282,0.7429948110411878,0.9118192989822318,0.08192152219384932
0.921441172308333,0.8971829342926428 -0.008710082981279309,0.13308475858069893 0.4826223397809977,0.5367056663616128 0.38595763513204484,0.35243587506316965,0.46380247027207455,0.719065263080594
0.8875516842915236,0.031206918332501908 0.8934794449161508,0.5697893731398949 1.095914377753934,0.24881335528080353 0.8894931336803685,0.8954404048391872,0.8330251346853943,0.9964015571908214
0.3622405162159214,0.4524597507882481 0.9263842713583197,0.4563347256799089 0.9777182833783871,0.7439584234521437 0.2611644484575618,0.6078326536966104,0.30698755506699904,0.1337851603818675
0.505868889142197,0.039749866850368784 0.13927062876431354,0.4493856979733068 0.33300004286083107,0.6814864500971805 0.4890490362628663,0.05447711431462407,0.5730586731568371,0.009637228392378152
1.0409284509758623,0.057851063049235436 0.40952266691271716,0.26009581196196796 0.8140304191725228,0.5532140761463982 0.9332020554243422,0.9173498125910269,0.7676246223093903,0.2905181019625653
