0.6079970819827036,0.25953571386385665 1.0752456494997005,0.8387770411023546 -2.6439914866573577E-4,1.0304130750833722 0.07323666907393966,0.3021643909511512,0.01785790793110696,0.7412554957353158
0.5103439940511455,0.615590759699922 -0.02727552473418697,1.0007163318850072 4.6473179852930466E-4,0.5457865345743786 0.3894374273609116,0.3637637752003977,0.19096690174582878,0.8688686338693703
-0.011066540674564182,0.5503359915520882 0.756298138357922,0.008979715313586082 0.9220340058870712,0.4719642305213704 0.8780108522610977,0.7319137660180166,0.6877352576954302,0.6533191240088368
0.7294101302476003,0.48295997311131533 1.2028098877599274,0.3370038491424836 0.9196061693658282,1.02171617180688 0.23013723274228104,0.29803737694666,0.30498007354929335,1.0
0.9035976966387652,0.47963292170975824 0.38200439146731485,0.016392982412346983 0.1808490321143348,0.6337491895111795 0.8818126374543733,0.8997533492996599,0.7419186752859849,0.6442380531243282
0.7819681102792363,0.8517072448624705 0.4860695314373943,0.18238112443617363 0.48893970458355085,0.18840984827914375 0.9021041691308723,0.4968781152636484,0.7761541212325707,1.0
0.08619779502749965,0.5594944128881336 0.9808636962720304,0.040893929794523956 0.566663042532145,0.8425453248205886 0.44838435421495226,0.6601272892767789,0.22931695862843865,0.05622597795054092
0.4681896448701603,0.7058054461026005 0.09222811007457052,0.5831232337447964 0.9217807524264932,0.38791476748994547 0.5728207648814776,0.6863414966789548,0.5173542932544779,0.6342789111096109
0.5083076517987402,0.594719128379227 0.12997523227175328,0.5903437747293356 0.25259255213530457,-0.030504321920731506 0.9700558625967322,0.9596272749054563,0.8243617181472991,0.5407563017049987
0.21577113160715453,0.6595064933259299 0.15706949661331274,0.20213595695410955 -0.11939043237078263,0.5761946346875899 0.9297031896731726,0.9020203615514746,0.6965802165451909,0.42302516884619495
0.03759629039864506,0.7356710221872163 0.9373384514928734,1.064334951426397 0.894165749689813,0.6013332813162553 0.15513715583128818,0.18491557908820874,0.18918639625959854,0.8431166538839615
0.7178596780836065,0.16354363619013598 0.8381840915721251,0.8563756789014929 1.0525628318953475,0.1652148828499585 0.5247735439162827,0.7614376618985882,0.43712245051194076,0.3231292366582055
0.03308482791424544,0.8427476183062468 0.38954310677876336,0.46585409986907167 0.9237066963247531,0.8159797002327548 0.5281322379968388,0.9656571761414164,0.6118229625395495,0.17897983837898263
0.954116282317659,0.07744114885796212 0.07897695976857307,-0.04656870688548168 0.20350106620517033,0.6782162129682688 0.9656397553564593,0.89965807603091,0.8118011102213598,0.4614135422123016
0.06999395772064965,0.8535999124082438 0.5776438786386476,0.06558300307472309 0.9384629847077804,0.80908570098573 0.09974652739900175,0.18094874438212327,0.40190847425192777,0.016887614608732254
0.49839708134215405,0.9465955449922314 0.28984459750432534,0.3229943885846951 0.23209054397109496,0.15773796050841024 0.7390228277790677,0.25784063283178016,0.6854585936052773,0.0
0.5108669773158341,0.2939682579595463 0.714654056227457,0.8144460106731493 0.9793142359974332,0.20773309629956857 0.9530854017292133,0.724751234431306,0.7704121610418835,0.14720203744895385
0.5001405713902674,0.07722276080953086 0.7280373598255708,0.07462133842287919 0.29889001024094153,0.05043940842257712 0.6700177604045956,0.03746113685771871,0.6708876554677935,0.01480132653563546
0.8549191593623277,0.3406983896233457 0.16950185822631664,0.5757426127688855 0.72474683927535,0.6287017390462538 0.6689014124139935,0.6830925740997845,0.5032996976151911,0.2053603615708748
0.7896270105065719,0.21201263062992612 0.7387657937419626,0.5075886380625207 0.4219123021185745,0.6297764949406575 0.036212289634046636,0.5342321743524047,0.5743992319273792,0.028699962541996617
1.0058441329058487,0.45917418986053404 0.548506674483868,1.0028477844658241 0.021046793813752476,1.0014245699066482 0.18766576257781392,0.1789566750878582,0.0662318447466078,0.7013549765616979
0.753608548612758,0.421977970813644 0.7390236759732992,0.9168937626226514 0.04176344079957395,0.8544755994354519 0.4069421513195868,0.7521955384911403,0.7387146162866711,0.13390790916921003
0.5689597821167353,0.2683044058051905 0.9371872559675906,0.32687336455300625 0.9039776491368215,-0.035333300060031596 0.21549516489570836,0.0,0.2431071698038058,0.03498295516158883
0.7452525722472151,0.040951849076917304 0.4359844813233972,0.04522475707404351 0.7282579023337583,0.5153390602654471 0.8875511049753122,0.9409013482716688,0.8280992920378006,0.367381994491676
0.9010973076811486,0.5488909189697936 0.8423560900457137,0.701238213021968 0.42793689817572783,0.5223475656941856 0.3850624778252999,0.6781025559694345,0.8139951552633424,0.17311896751328773
0.4993435925486635,0.35944891557366315 0.36016731280084796,0.9676641063350706 0.5620322168207301,0.0848032582813237 0.09516095719159079,0.564783001666269,0.0,0.36493029845695685
0.9792508751603438,1.1270329447151233 -0.06036464884571865,0.9111832289284971 1.0495234772636028,0.6638043421284016 0.0754199496699936,0.2964688931934807,0.2052871975785776,0.5832725710484357
2.9122270052150956E-4,0.8137239992708017 0.9326829003053038,0.5963095877056752 0.16363532400939457,0.5536031343650191 0.31936951627991883,0.4605524722839092,0.3960736411270289,0.23811899927085928
0.24169319747449558,1.0284023323533906 0.466593246459152,0.7268546783362047 0.056666583470215415,0.7674426011225366 0.2416401803548154,0.3045419752425211,0.24541222378545832,0.7130329997320578
0.9881322593653739,-0.024838205801679985 0.35112956241698623,0.09059275944226566 0.7002877853259885,0.6251531556009126 0.9046274346066552,0.8627582816756317,0.7973998856904484,0.23041047717591845
0.16432410055245397,0.34912398923735904 0.56565965383915,0.7678337312268376 0.24894606532638705,0.20767311770080504 0.9954910558606507,1.0,0.9135695169294019,0.18630442835968464
0.4928284721474191,0.5375884259088134 0.8538943927927605,0.24966183826340435 0.278461191814408,0.6243148572992918 0.8277293690445935,0.8168701893630734,0.6648675052244134,0.4586461727335471
0.7414913946407109,0.8169546484491438 0.7871569905246509,0.44275320728243356 0.1179346364796282,0.6389063210096363 0.3786653155896861,0.4109461622904361,0.29593109501790155,0.29316847484861186
0.05484464460881297,0.22013860796156998 0.6720543726378224,0.3288689218373382 0.07132587387087247,0.22288556671551457 0.7929221027642374,0.8559561031918045,0.9992363769372969,0.7552209660302335
0.43365691693021297,0.5557191125364281 0.4760367763110567,0.8223273127706765 0.5282509632821533,0.5802036429575919 0.6824610756148658,0.7166682783134146,0.7071596857558817,0.43965977385652955
1.0376362097894016,-0.02176358294913232 0.7508176678344878,0.016023536577561965 0.9529831075098266,0.5994078351449035 0.8318043064748587,0.721953027577712,0.6475388764705103,0.3708268790287829
1.0670328979994594,0.9383560023529393 0.27857128070769743,1.0604070152078797 0.895581809940003,0.7309057834824616 0.06829263454232215,0.23082056556810665,0.2700078824031963,0.46920445962428003
0.8345763801651487,0.250138715079466 0.600727096767599,0.5094836859531642 0.4509071724264754,0.676712372947858 0.3511363875138287,0.37850318160264257,0.6580425208820707,0.8781678025857242
0.7030379498950332,0.5658986284526055 0.8469381158991046,0.675367690885616 0.26734133616952727,0.2342879991639845 0.429699385693697,0.9000997412699879,0.07761199562132091,0.6288330281637675
0.2765463919471081,0.34240987616504365 0.1317049703535021,0.5831916657462891 0.4770008446286439,0.008818969472103002 0.36797771604561724,0.5429735532557752,0.49061359465989485,0.29865920961271203
0.17990471887558818,0.6778814796905144 0.4008998741621153,0.9468980838424014 0.7797216214187694,0.838351462446062 0.46160153850007035,0.3928370180650892,0.41949409835615614,0.10537210053958611
0.5100852668704399,0.6055717578264923 0.5751742758622689,1.0223085570836323 0.8695016120276738,0.6484645588387471 0.10986492215268004,0.2574595531188481,0.2613553955054717,0.45584844615576725
0.7316320040889734,0.7172415295696336 0.6976914844333535,0.6901060621380402 0.7605285446954954,0.21872988638350632 0.800425543935125,0.8592200764757514,0.6385197348575604,0.4051901356161442
0.7015668745238947,0.17101945216831838 0.700958990854251,0.014319476939197787 0.7042464391977429,0.8866048833346732 0.5471675764525198,0.3953157733166785,0.14927217223091913,0.5399251940261139
-0.043136174714384544,0.7691035459116373 0.46553227007207,0.8612179708265322 0.34510058171267427,0.49028589919289006 0.1479821824214237,0.33664328221951567,0.23340022510284622,0.19280170535582405
0.304513895801396,0.6781195985540849 0.25645177440192524,0.5830889878400394 0.34742102696952754,0.4549211262124193 0.8496787825802689,0.6436739621485287,0.46708177128216577,0.6408022965310693
0.8766771778050675,0.3854516689188075 0.9727850161678704,0.3614415140607605 0.3322809916512075,0.14417306537917904 0.08568699036020437,0.8568727799768263,0.03454376268193077,0.03413131281651303
0.8949544678303716,0.7501161650358172 0.16887542109758993,0.6430327310293655 0.7032724145398033,0.7224807437277379 0.4255641663295154,0.6020163528617294,0.21245202028185023,0.5283272093050266
0.5668428313913061,0.7264378362217968 0.5512876550667506,0.43869742601147527 0.6746359930195567,0.4282564712337953 0.0,0.1813679583712085,0.0,0.15997084754718577
0.31730905726089803,0.5199704296986458 0.5792788613562394,0.09377789498448874 0.865579800390922,0.4669189322609636 0.897713776082371,0.9436632817041718,0.6356791556490384,0.13114556336351169
0.005867215004331426,0.6943148442002193 0.3907062964505749,0.39575205644589984 0.9424120240193378,0.2630366445811891 0.8493019058679352,0.8292858988164722,0.7773050391795112,0.24160992184417626
